name: mlf
channels:
  - conda-forge
  - defaults
dependencies:
  - asttokens=2.4.0=pyhd8ed1ab_0
  - backcall=0.2.0=pyh9f0ad1d_0
  - backports=1.0=pyhd8ed1ab_3
  - backports.functools_lru_cache=1.6.5=pyhd8ed1ab_0
  - bzip2=1.0.8=h8ffe710_4
  - ca-certificates=2023.7.22=h56e8100_0
  - colorama=0.4.6=pyhd8ed1ab_0
  - comm=0.1.4=pyhd8ed1ab_0
  - debugpy=1.8.0=py310h00ffb61_0
  - decorator=5.1.1=pyhd8ed1ab_0
  - exceptiongroup=1.1.3=pyhd8ed1ab_0
  - executing=1.2.0=pyhd8ed1ab_0
  - importlib-metadata=6.8.0=pyha770c72_0
  - importlib_metadata=6.8.0=hd8ed1ab_0
  - ipykernel=6.25.2=pyh60829e3_0
  - ipython=8.15.0=pyh5737063_0
  - jedi=0.19.0=pyhd8ed1ab_0
  - jupyter_client=8.3.1=pyhd8ed1ab_0
  - jupyter_core=5.3.1=py310h5588dad_0
  - libffi=3.4.2=h8ffe710_5
  - libsodium=1.0.18=h8d14728_1
  - libsqlite=3.43.0=hcfcfb64_0
  - libzlib=1.2.13=hcfcfb64_5
  - matplotlib-inline=0.1.6=pyhd8ed1ab_0
  - nest-asyncio=1.5.6=pyhd8ed1ab_0
  - openssl=3.1.2=hcfcfb64_0
  - packaging=23.1=pyhd8ed1ab_0
  - parso=0.8.3=pyhd8ed1ab_0
  - pickleshare=0.7.5=py_1003
  - pip=23.2.1=pyhd8ed1ab_0
  - platformdirs=3.10.0=pyhd8ed1ab_0
  - prompt-toolkit=3.0.39=pyha770c72_0
  - prompt_toolkit=3.0.39=hd8ed1ab_0
  - psutil=5.9.5=py310h8d17308_0
  - pure_eval=0.2.2=pyhd8ed1ab_0
  - pygments=2.16.1=pyhd8ed1ab_0
  - python=3.10.12=h4de0772_0_cpython
  - python-dateutil=2.8.2=pyhd8ed1ab_0
  - python_abi=3.10=3_cp310
  - pywin32=304=py310h00ffb61_2
  - pyzmq=25.1.1=py310hcd737a0_0
  - setuptools=68.2.2=pyhd8ed1ab_0
  - six=1.16.0=pyh6c4a22f_0
  - sqlite=3.43.0=hcfcfb64_0
  - stack_data=0.6.2=pyhd8ed1ab_0
  - tk=8.6.12=h8ffe710_0
  - tornado=6.3.3=py310h8d17308_0
  - traitlets=5.10.0=pyhd8ed1ab_0
  - typing-extensions=4.7.1=hd8ed1ab_0
  - typing_extensions=4.7.1=pyha770c72_0
  - ucrt=10.0.22621.0=h57928b3_0
  - vc=14.3=h64f974e_17
  - vc14_runtime=14.36.32532=hdcecf7f_17
  - vs2015_runtime=14.36.32532=h05e6639_17
  - wcwidth=0.2.6=pyhd8ed1ab_0
  - wheel=0.41.2=pyhd8ed1ab_0
  - xz=5.2.6=h8d14728_0
  - zeromq=4.3.4=h0e60522_1
  - zipp=3.16.2=pyhd8ed1ab_0
  - zlib=1.2.13=hcfcfb64_5
  - pip:
      - appdirs==1.4.4
      - beautifulsoup4==4.12.2
      - certifi==2023.7.22
      - charset-normalizer==3.2.0
      - contourpy==1.1.1
      - cycler==0.11.0
      - dateparser==1.1.8
      - dill==0.3.7
      - fonttools==4.42.1
      - frozendict==2.3.8
      - html5lib==1.1
      - idna==3.4
      - imageio==2.31.3
      - ipywidgets==8.1.1
      - joblib==1.3.2
      - jupyterlab-widgets==3.0.9
      - kiwisolver==1.4.5
      - llvmlite==0.39.1
      - lxml==4.9.3
      - matplotlib==3.8.0
      - multitasking==0.0.11
      - mypy-extensions==1.0.0
      - numba==0.56.4
      - numpy==1.23.5
      - pandas==2.1.0
      - patsy==0.5.3
      - pillow==10.0.1
      - plotly==5.17.0
      - pyparsing==3.1.1
      - pytz==2023.3.post1
      - regex==2023.8.8
      - requests==2.31.0
      - schedule==1.2.0
      - scikit-learn==1.3.0
      - scipy==1.11.2
      - soupsieve==2.5
      - statsmodels==0.14.0
      - tenacity==8.2.3
      - threadpoolctl==3.2.0
      - tqdm==4.66.1
      - tzdata==2023.3
      - tzlocal==5.0.1
      - urllib3==2.0.4
      - vectorbt==0.25.5
      - webencodings==0.5.1
      - widgetsnbextension==4.0.9
      - yfinance==0.2.28
prefix: 
